Points:
    0 : (   0,   0)
    1 : (0.001,   0)
    2 : (0.002,   0)
    3 : (0.003,   0)
    4 : (   0,0.001)
    5 : (0.001,0.001)
    6 : (0.002,0.001)
    7 : (0.003,0.001)
    8 : (   0,0.002)
    9 : (0.001,0.002)
    10: (0.002,0.002)
    11: (0.003,0.002)
Triangles:
    0: ( 0, 5, 4) (2)
    1: ( 0, 1, 5) (2)
    2: ( 1, 6, 5) (2)
    3: ( 1, 2, 6) (2)
    4: ( 2, 3, 6) (2)
    5: ( 3, 7, 6) (2)
    6: ( 4, 5, 8)
    6: ( 5, 9, 8)
    6: ( 5, 6, 9)
    6: ( 6,10, 9)
    6: ( 6,11,10)
    6: ( 6, 7,11)
PEC:
    Edge(0,1)
    Edge(1,2)
    Edge(2,3)
    Edge(5,6)
    
